epoch     train_loss  valid_loss  accuracy
/home/santhosr/.conda/envs/fastai/lib/python3.6/site-packages/torchvision/models/densenet.py:212: UserWarning: nn.init.kaiming_normal is now deprecated in favor of nn.init.kaiming_normal_.
  nn.init.kaiming_normal(m.weight.data)
1         0.877473    0.789132    0.486034  
1
2         0.938947    0.705455    0.544693  
2
3         0.854550    0.857904    0.533520  
3
4         0.876503    1.197171    0.455307  
4
5         0.852384    0.797499    0.522346  
5
6         0.804912    0.683720    0.589385  
6
7         0.887983    0.894683    0.486034  
7
8         0.837353    0.739784    0.569832  
8
9         0.809160    0.670090    0.586592  
9
10        0.807956    0.675598    0.586592  
10
11        0.779063    0.660975    0.592179  
11
12        0.817417    0.667985    0.569832  
12
13        0.776687    0.672143    0.592179  
13
14        0.792950    0.672769    0.625698  
14
15        0.768402    0.672653    0.586592  
15
epoch     train_loss  valid_loss  accuracy
1         0.754199    0.670687    0.592179  
1
2         0.767755    0.713540    0.583799  
2
3         0.787044    0.723542    0.497207  
3
4         0.778748    0.739009    0.522346  
4
5         0.799607    0.702282    0.530726  
5
6         0.778960    0.709880    0.500000  
6
7         0.783038    0.710674    0.516760  
7
8         0.734474    0.701694    0.541899  
8
9         0.724398    0.708003    0.511173  
9
10        0.750157    0.692616    0.533520  
10
11        0.722717    0.697035    0.522346  
11
12        0.715596    0.711000    0.463687  
12
13        0.740268    0.692682    0.525140  
13
14        0.725513    0.691994    0.553073  
14
15        0.745926    0.682651    0.547486  
15
epoch     train_loss  valid_loss  accuracy
1         0.724437    0.693525    0.527933  
1
2         0.751011    0.689938    0.567039  
2
3         0.743227    0.683774    0.578212  
3
4         0.736272    0.681831    0.572626  
4
